     -0.361520     -0.506441     -0.572697     -0.542534     -0.424035     -0.248951     -0.064196      0.080726      0.146982      0.116819     -0.001680     -0.176764
     -0.149425     -0.300590     -0.415321     -0.462875     -0.430511     -0.326900     -0.179805     -0.028639      0.086091      0.133646      0.101281     -0.002330
      0.102708     -0.014196     -0.146660     -0.259189     -0.321632     -0.317256     -0.247235     -0.130331      0.002133      0.114662      0.177105      0.172729
      0.327321      0.276002      0.161299      0.013947     -0.126571     -0.222604     -0.248419     -0.197100     -0.082397      0.064955      0.205473      0.301506
      0.464228      0.492245      0.426037      0.283345      0.102403     -0.068305     -0.183040     -0.211056     -0.144849     -0.002157      0.178785      0.349494
      0.476746      0.576592      0.576619      0.476822      0.303939      0.104296     -0.068615     -0.168461     -0.168488     -0.068691      0.104192      0.303835
      0.361520      0.506441      0.572697      0.542534      0.424035      0.248951      0.064196     -0.080726     -0.146982     -0.116819      0.001680      0.176764
      0.149425      0.300590      0.415321      0.462875      0.430511      0.326900      0.179805      0.028639     -0.086091     -0.133646     -0.101281      0.002330
     -0.102708      0.014196      0.146660      0.259189      0.321632      0.317256      0.247235      0.130331     -0.002133     -0.114662     -0.177105     -0.172729
     -0.327321     -0.276002     -0.161299     -0.013947      0.126571      0.222604      0.248419      0.197100      0.082397     -0.064955     -0.205473     -0.301506
     -0.464228     -0.492245     -0.426037     -0.283345     -0.102403      0.068305      0.183040      0.211056      0.144849      0.002157     -0.178785     -0.349494
     -0.476746     -0.576592     -0.576619     -0.476822     -0.303939     -0.104296      0.068615      0.168461      0.168488      0.068691     -0.104192     -0.303835
