   -999.000000   -999.000000   -999.000000   -999.000000   -999.000000   -999.000000   -999.000000   -999.000000   -999.000000   -999.000000   -999.000000   -999.000000   -999.000000   -999.000000   -999.000000   -999.000000   -999.000000   -999.000000   -999.000000   -999.000000   -999.000000   -999.000000   -999.000000   -999.000000   -999.000000   -999.000000   -999.000000   -999.000000   -999.000000   -999.000000   -999.000000   -999.000000   -999.000000   -999.000000   -999.000000   -999.000000
   -999.000000   -999.000000   -999.000000   -999.000000   -999.000000   -999.000000   -999.000000   -999.000000   -999.000000   -999.000000   -999.000000   -999.000000   -999.000000   -999.000000   -999.000000   -999.000000   -999.000000   -999.000000   -999.000000   -999.000000   -999.000000   -999.000000   -999.000000   -999.000000   -999.000000   -999.000000   -999.000000   -999.000000   -999.000000   -999.000000   -999.000000   -999.000000   -999.000000   -999.000000   -999.000000   -999.000000
   -999.000000   -999.000000   -999.000000   -999.000000   -999.000000   -999.000000   -999.000000   -999.000000   -999.000000   -999.000000   -999.000000   -999.000000   -999.000000   -999.000000   -999.000000   -999.000000   -999.000000   -999.000000   -999.000000   -999.000000   -999.000000   -999.000000   -999.000000   -999.000000   -999.000000   -999.000000   -999.000000   -999.000000   -999.000000   -999.000000   -999.000000   -999.000000   -999.000000   -999.000000   -999.000000   -999.000000
   -999.000000   -999.000000   -999.000000     -0.032777   -999.000000   -999.000000   -999.000000   -999.000000   -999.000000      0.130166   -999.000000   -999.000000   -999.000000   -999.000000   -999.000000     -1.173028   -999.000000   -999.000000   -999.000000   -999.000000   -999.000000      0.087309   -999.000000   -999.000000   -999.000000   -999.000000   -999.000000     -0.701957   -999.000000   -999.000000   -999.000000   -999.000000   -999.000000     -0.015804   -999.000000   -999.000000
   -999.000000   -999.000000   -999.000000   -999.000000   -999.000000   -999.000000   -999.000000   -999.000000   -999.000000   -999.000000   -999.000000   -999.000000   -999.000000   -999.000000   -999.000000   -999.000000   -999.000000   -999.000000   -999.000000   -999.000000   -999.000000   -999.000000   -999.000000   -999.000000   -999.000000   -999.000000   -999.000000   -999.000000   -999.000000   -999.000000   -999.000000   -999.000000   -999.000000   -999.000000   -999.000000   -999.000000
   -999.000000   -999.000000   -999.000000   -999.000000   -999.000000   -999.000000   -999.000000   -999.000000   -999.000000   -999.000000   -999.000000   -999.000000   -999.000000   -999.000000   -999.000000   -999.000000   -999.000000   -999.000000   -999.000000   -999.000000   -999.000000   -999.000000   -999.000000   -999.000000   -999.000000   -999.000000   -999.000000   -999.000000   -999.000000   -999.000000   -999.000000   -999.000000   -999.000000   -999.000000   -999.000000   -999.000000
   -999.000000   -999.000000   -999.000000   -999.000000   -999.000000   -999.000000   -999.000000   -999.000000   -999.000000   -999.000000   -999.000000   -999.000000   -999.000000   -999.000000   -999.000000   -999.000000   -999.000000   -999.000000   -999.000000   -999.000000   -999.000000   -999.000000   -999.000000   -999.000000   -999.000000   -999.000000   -999.000000   -999.000000   -999.000000   -999.000000   -999.000000   -999.000000   -999.000000   -999.000000   -999.000000   -999.000000
   -999.000000   -999.000000   -999.000000   -999.000000   -999.000000   -999.000000   -999.000000   -999.000000   -999.000000   -999.000000   -999.000000   -999.000000   -999.000000   -999.000000   -999.000000   -999.000000   -999.000000   -999.000000   -999.000000   -999.000000   -999.000000   -999.000000   -999.000000   -999.000000   -999.000000   -999.000000   -999.000000   -999.000000   -999.000000   -999.000000   -999.000000   -999.000000   -999.000000   -999.000000   -999.000000   -999.000000
   -999.000000   -999.000000   -999.000000      0.267186   -999.000000   -999.000000   -999.000000   -999.000000   -999.000000     -0.194997   -999.000000   -999.000000   -999.000000   -999.000000   -999.000000      0.199137   -999.000000   -999.000000   -999.000000   -999.000000   -999.000000     -0.441173   -999.000000   -999.000000   -999.000000   -999.000000   -999.000000      0.005322   -999.000000   -999.000000   -999.000000   -999.000000   -999.000000     -0.723183   -999.000000   -999.000000
   -999.000000   -999.000000   -999.000000   -999.000000   -999.000000   -999.000000   -999.000000   -999.000000   -999.000000   -999.000000   -999.000000   -999.000000   -999.000000   -999.000000   -999.000000   -999.000000   -999.000000   -999.000000   -999.000000   -999.000000   -999.000000   -999.000000   -999.000000   -999.000000   -999.000000   -999.000000   -999.000000   -999.000000   -999.000000   -999.000000   -999.000000   -999.000000   -999.000000   -999.000000   -999.000000   -999.000000
   -999.000000   -999.000000   -999.000000   -999.000000   -999.000000   -999.000000   -999.000000   -999.000000   -999.000000   -999.000000   -999.000000   -999.000000   -999.000000   -999.000000   -999.000000   -999.000000   -999.000000   -999.000000   -999.000000   -999.000000   -999.000000   -999.000000   -999.000000   -999.000000   -999.000000   -999.000000   -999.000000   -999.000000   -999.000000   -999.000000   -999.000000   -999.000000   -999.000000   -999.000000   -999.000000   -999.000000
   -999.000000   -999.000000   -999.000000   -999.000000   -999.000000   -999.000000   -999.000000   -999.000000   -999.000000   -999.000000   -999.000000   -999.000000   -999.000000   -999.000000   -999.000000   -999.000000   -999.000000   -999.000000   -999.000000   -999.000000   -999.000000   -999.000000   -999.000000   -999.000000   -999.000000   -999.000000   -999.000000   -999.000000   -999.000000   -999.000000   -999.000000   -999.000000   -999.000000   -999.000000   -999.000000   -999.000000
   -999.000000   -999.000000   -999.000000   -999.000000   -999.000000   -999.000000   -999.000000   -999.000000   -999.000000   -999.000000   -999.000000   -999.000000   -999.000000   -999.000000   -999.000000   -999.000000   -999.000000   -999.000000   -999.000000   -999.000000   -999.000000   -999.000000   -999.000000   -999.000000   -999.000000   -999.000000   -999.000000   -999.000000   -999.000000   -999.000000   -999.000000   -999.000000   -999.000000   -999.000000   -999.000000   -999.000000
   -999.000000   -999.000000   -999.000000     -0.686679   -999.000000   -999.000000   -999.000000   -999.000000   -999.000000      0.017608   -999.000000   -999.000000   -999.000000   -999.000000   -999.000000      0.198214   -999.000000   -999.000000   -999.000000   -999.000000   -999.000000      0.675192   -999.000000   -999.000000   -999.000000   -999.000000   -999.000000     -0.265379   -999.000000   -999.000000   -999.000000   -999.000000   -999.000000     -0.892526   -999.000000   -999.000000
   -999.000000   -999.000000   -999.000000   -999.000000   -999.000000   -999.000000   -999.000000   -999.000000   -999.000000   -999.000000   -999.000000   -999.000000   -999.000000   -999.000000   -999.000000   -999.000000   -999.000000   -999.000000   -999.000000   -999.000000   -999.000000   -999.000000   -999.000000   -999.000000   -999.000000   -999.000000   -999.000000   -999.000000   -999.000000   -999.000000   -999.000000   -999.000000   -999.000000   -999.000000   -999.000000   -999.000000
   -999.000000   -999.000000   -999.000000   -999.000000   -999.000000   -999.000000   -999.000000   -999.000000   -999.000000   -999.000000   -999.000000   -999.000000   -999.000000   -999.000000   -999.000000   -999.000000   -999.000000   -999.000000   -999.000000   -999.000000   -999.000000   -999.000000   -999.000000   -999.000000   -999.000000   -999.000000   -999.000000   -999.000000   -999.000000   -999.000000   -999.000000   -999.000000   -999.000000   -999.000000   -999.000000   -999.000000
   -999.000000   -999.000000   -999.000000   -999.000000   -999.000000   -999.000000   -999.000000   -999.000000   -999.000000   -999.000000   -999.000000   -999.000000   -999.000000   -999.000000   -999.000000   -999.000000   -999.000000   -999.000000   -999.000000   -999.000000   -999.000000   -999.000000   -999.000000   -999.000000   -999.000000   -999.000000   -999.000000   -999.000000   -999.000000   -999.000000   -999.000000   -999.000000   -999.000000   -999.000000   -999.000000   -999.000000
   -999.000000   -999.000000   -999.000000   -999.000000   -999.000000   -999.000000   -999.000000   -999.000000   -999.000000   -999.000000   -999.000000   -999.000000   -999.000000   -999.000000   -999.000000   -999.000000   -999.000000   -999.000000   -999.000000   -999.000000   -999.000000   -999.000000   -999.000000   -999.000000   -999.000000   -999.000000   -999.000000   -999.000000   -999.000000   -999.000000   -999.000000   -999.000000   -999.000000   -999.000000   -999.000000   -999.000000
