   -999.000000   -999.000000   -999.000000   -999.000000   -999.000000   -999.000000   -999.000000   -999.000000   -999.000000   -999.000000   -999.000000   -999.000000   -999.000000   -999.000000   -999.000000   -999.000000   -999.000000   -999.000000   -999.000000   -999.000000   -999.000000   -999.000000   -999.000000   -999.000000   -999.000000   -999.000000   -999.000000   -999.000000   -999.000000   -999.000000   -999.000000   -999.000000   -999.000000   -999.000000   -999.000000   -999.000000
   -999.000000   -999.000000   -999.000000   -999.000000   -999.000000   -999.000000   -999.000000   -999.000000   -999.000000   -999.000000   -999.000000   -999.000000   -999.000000   -999.000000   -999.000000   -999.000000   -999.000000   -999.000000   -999.000000   -999.000000   -999.000000   -999.000000   -999.000000   -999.000000   -999.000000   -999.000000   -999.000000   -999.000000   -999.000000   -999.000000   -999.000000   -999.000000   -999.000000   -999.000000   -999.000000   -999.000000
   -999.000000   -999.000000   -999.000000   -999.000000   -999.000000   -999.000000   -999.000000   -999.000000   -999.000000   -999.000000   -999.000000   -999.000000   -999.000000   -999.000000   -999.000000   -999.000000   -999.000000   -999.000000   -999.000000   -999.000000   -999.000000   -999.000000   -999.000000   -999.000000   -999.000000   -999.000000   -999.000000   -999.000000   -999.000000   -999.000000   -999.000000   -999.000000   -999.000000   -999.000000   -999.000000   -999.000000
   -999.000000   -999.000000   -999.000000      0.556901   -999.000000   -999.000000   -999.000000   -999.000000   -999.000000     -0.163111   -999.000000   -999.000000   -999.000000   -999.000000   -999.000000     -0.429849   -999.000000   -999.000000   -999.000000   -999.000000   -999.000000     -0.033468   -999.000000   -999.000000   -999.000000   -999.000000   -999.000000     -0.215568   -999.000000   -999.000000   -999.000000   -999.000000   -999.000000     -0.486581   -999.000000   -999.000000
   -999.000000   -999.000000   -999.000000   -999.000000   -999.000000   -999.000000   -999.000000   -999.000000   -999.000000   -999.000000   -999.000000   -999.000000   -999.000000   -999.000000   -999.000000   -999.000000   -999.000000   -999.000000   -999.000000   -999.000000   -999.000000   -999.000000   -999.000000   -999.000000   -999.000000   -999.000000   -999.000000   -999.000000   -999.000000   -999.000000   -999.000000   -999.000000   -999.000000   -999.000000   -999.000000   -999.000000
   -999.000000   -999.000000   -999.000000   -999.000000   -999.000000   -999.000000   -999.000000   -999.000000   -999.000000   -999.000000   -999.000000   -999.000000   -999.000000   -999.000000   -999.000000   -999.000000   -999.000000   -999.000000   -999.000000   -999.000000   -999.000000   -999.000000   -999.000000   -999.000000   -999.000000   -999.000000   -999.000000   -999.000000   -999.000000   -999.000000   -999.000000   -999.000000   -999.000000   -999.000000   -999.000000   -999.000000
   -999.000000   -999.000000   -999.000000   -999.000000   -999.000000   -999.000000   -999.000000   -999.000000   -999.000000   -999.000000   -999.000000   -999.000000   -999.000000   -999.000000   -999.000000   -999.000000   -999.000000   -999.000000   -999.000000   -999.000000   -999.000000   -999.000000   -999.000000   -999.000000   -999.000000   -999.000000   -999.000000   -999.000000   -999.000000   -999.000000   -999.000000   -999.000000   -999.000000   -999.000000   -999.000000   -999.000000
   -999.000000   -999.000000   -999.000000   -999.000000   -999.000000   -999.000000   -999.000000   -999.000000   -999.000000   -999.000000   -999.000000   -999.000000   -999.000000   -999.000000   -999.000000   -999.000000   -999.000000   -999.000000   -999.000000   -999.000000   -999.000000   -999.000000   -999.000000   -999.000000   -999.000000   -999.000000   -999.000000   -999.000000   -999.000000   -999.000000   -999.000000   -999.000000   -999.000000   -999.000000   -999.000000   -999.000000
   -999.000000   -999.000000   -999.000000      0.633883   -999.000000   -999.000000   -999.000000   -999.000000   -999.000000     -0.376270   -999.000000   -999.000000   -999.000000   -999.000000   -999.000000      0.405438   -999.000000   -999.000000   -999.000000   -999.000000   -999.000000     -0.100232   -999.000000   -999.000000   -999.000000   -999.000000   -999.000000      0.233184   -999.000000   -999.000000   -999.000000   -999.000000   -999.000000      0.062061   -999.000000   -999.000000
   -999.000000   -999.000000   -999.000000   -999.000000   -999.000000   -999.000000   -999.000000   -999.000000   -999.000000   -999.000000   -999.000000   -999.000000   -999.000000   -999.000000   -999.000000   -999.000000   -999.000000   -999.000000   -999.000000   -999.000000   -999.000000   -999.000000   -999.000000   -999.000000   -999.000000   -999.000000   -999.000000   -999.000000   -999.000000   -999.000000   -999.000000   -999.000000   -999.000000   -999.000000   -999.000000   -999.000000
   -999.000000   -999.000000   -999.000000   -999.000000   -999.000000   -999.000000   -999.000000   -999.000000   -999.000000   -999.000000   -999.000000   -999.000000   -999.000000   -999.000000   -999.000000   -999.000000   -999.000000   -999.000000   -999.000000   -999.000000   -999.000000   -999.000000   -999.000000   -999.000000   -999.000000   -999.000000   -999.000000   -999.000000   -999.000000   -999.000000   -999.000000   -999.000000   -999.000000   -999.000000   -999.000000   -999.000000
   -999.000000   -999.000000   -999.000000   -999.000000   -999.000000   -999.000000   -999.000000   -999.000000   -999.000000   -999.000000   -999.000000   -999.000000   -999.000000   -999.000000   -999.000000   -999.000000   -999.000000   -999.000000   -999.000000   -999.000000   -999.000000   -999.000000   -999.000000   -999.000000   -999.000000   -999.000000   -999.000000   -999.000000   -999.000000   -999.000000   -999.000000   -999.000000   -999.000000   -999.000000   -999.000000   -999.000000
   -999.000000   -999.000000   -999.000000   -999.000000   -999.000000   -999.000000   -999.000000   -999.000000   -999.000000   -999.000000   -999.000000   -999.000000   -999.000000   -999.000000   -999.000000   -999.000000   -999.000000   -999.000000   -999.000000   -999.000000   -999.000000   -999.000000   -999.000000   -999.000000   -999.000000   -999.000000   -999.000000   -999.000000   -999.000000   -999.000000   -999.000000   -999.000000   -999.000000   -999.000000   -999.000000   -999.000000
   -999.000000   -999.000000   -999.000000      0.017435   -999.000000   -999.000000   -999.000000   -999.000000   -999.000000      0.280756   -999.000000   -999.000000   -999.000000   -999.000000   -999.000000      0.073809   -999.000000   -999.000000   -999.000000   -999.000000   -999.000000      0.963837   -999.000000   -999.000000   -999.000000   -999.000000   -999.000000      0.622686   -999.000000   -999.000000   -999.000000   -999.000000   -999.000000      0.238657   -999.000000   -999.000000
   -999.000000   -999.000000   -999.000000   -999.000000   -999.000000   -999.000000   -999.000000   -999.000000   -999.000000   -999.000000   -999.000000   -999.000000   -999.000000   -999.000000   -999.000000   -999.000000   -999.000000   -999.000000   -999.000000   -999.000000   -999.000000   -999.000000   -999.000000   -999.000000   -999.000000   -999.000000   -999.000000   -999.000000   -999.000000   -999.000000   -999.000000   -999.000000   -999.000000   -999.000000   -999.000000   -999.000000
   -999.000000   -999.000000   -999.000000   -999.000000   -999.000000   -999.000000   -999.000000   -999.000000   -999.000000   -999.000000   -999.000000   -999.000000   -999.000000   -999.000000   -999.000000   -999.000000   -999.000000   -999.000000   -999.000000   -999.000000   -999.000000   -999.000000   -999.000000   -999.000000   -999.000000   -999.000000   -999.000000   -999.000000   -999.000000   -999.000000   -999.000000   -999.000000   -999.000000   -999.000000   -999.000000   -999.000000
   -999.000000   -999.000000   -999.000000   -999.000000   -999.000000   -999.000000   -999.000000   -999.000000   -999.000000   -999.000000   -999.000000   -999.000000   -999.000000   -999.000000   -999.000000   -999.000000   -999.000000   -999.000000   -999.000000   -999.000000   -999.000000   -999.000000   -999.000000   -999.000000   -999.000000   -999.000000   -999.000000   -999.000000   -999.000000   -999.000000   -999.000000   -999.000000   -999.000000   -999.000000   -999.000000   -999.000000
   -999.000000   -999.000000   -999.000000   -999.000000   -999.000000   -999.000000   -999.000000   -999.000000   -999.000000   -999.000000   -999.000000   -999.000000   -999.000000   -999.000000   -999.000000   -999.000000   -999.000000   -999.000000   -999.000000   -999.000000   -999.000000   -999.000000   -999.000000   -999.000000   -999.000000   -999.000000   -999.000000   -999.000000   -999.000000   -999.000000   -999.000000   -999.000000   -999.000000   -999.000000   -999.000000   -999.000000
