   -999.000000   -999.000000   -999.000000   -999.000000   -999.000000   -999.000000   -999.000000   -999.000000   -999.000000   -999.000000   -999.000000   -999.000000   -999.000000   -999.000000   -999.000000   -999.000000   -999.000000   -999.000000   -999.000000   -999.000000   -999.000000   -999.000000   -999.000000   -999.000000   -999.000000   -999.000000   -999.000000   -999.000000   -999.000000   -999.000000   -999.000000   -999.000000   -999.000000   -999.000000   -999.000000   -999.000000
   -999.000000   -999.000000   -999.000000   -999.000000   -999.000000   -999.000000   -999.000000   -999.000000   -999.000000   -999.000000   -999.000000   -999.000000   -999.000000   -999.000000   -999.000000   -999.000000   -999.000000   -999.000000   -999.000000   -999.000000   -999.000000   -999.000000   -999.000000   -999.000000   -999.000000   -999.000000   -999.000000   -999.000000   -999.000000   -999.000000   -999.000000   -999.000000   -999.000000   -999.000000   -999.000000   -999.000000
   -999.000000   -999.000000   -999.000000   -999.000000   -999.000000   -999.000000   -999.000000   -999.000000   -999.000000   -999.000000   -999.000000   -999.000000   -999.000000   -999.000000   -999.000000   -999.000000   -999.000000   -999.000000   -999.000000   -999.000000   -999.000000   -999.000000   -999.000000   -999.000000   -999.000000   -999.000000   -999.000000   -999.000000   -999.000000   -999.000000   -999.000000   -999.000000   -999.000000   -999.000000   -999.000000   -999.000000
   -999.000000   -999.000000   -999.000000   -999.000000      1.089906   -999.000000   -999.000000   -999.000000   -999.000000      0.263125   -999.000000   -999.000000   -999.000000   -999.000000     -0.162646   -999.000000   -999.000000   -999.000000   -999.000000     -0.666727   -999.000000   -999.000000   -999.000000   -999.000000     -0.488414   -999.000000   -999.000000   -999.000000   -999.000000      0.670757   -999.000000   -999.000000   -999.000000   -999.000000      0.535460   -999.000000
   -999.000000   -999.000000   -999.000000   -999.000000   -999.000000   -999.000000   -999.000000   -999.000000   -999.000000   -999.000000   -999.000000   -999.000000   -999.000000   -999.000000   -999.000000   -999.000000   -999.000000   -999.000000   -999.000000   -999.000000   -999.000000   -999.000000   -999.000000   -999.000000   -999.000000   -999.000000   -999.000000   -999.000000   -999.000000   -999.000000   -999.000000   -999.000000   -999.000000   -999.000000   -999.000000   -999.000000
   -999.000000   -999.000000   -999.000000   -999.000000   -999.000000   -999.000000   -999.000000   -999.000000   -999.000000   -999.000000   -999.000000   -999.000000   -999.000000   -999.000000   -999.000000   -999.000000   -999.000000   -999.000000   -999.000000   -999.000000   -999.000000   -999.000000   -999.000000   -999.000000   -999.000000   -999.000000   -999.000000   -999.000000   -999.000000   -999.000000   -999.000000   -999.000000   -999.000000   -999.000000   -999.000000   -999.000000
   -999.000000   -999.000000   -999.000000   -999.000000   -999.000000   -999.000000   -999.000000   -999.000000   -999.000000   -999.000000   -999.000000   -999.000000   -999.000000   -999.000000   -999.000000   -999.000000   -999.000000   -999.000000   -999.000000   -999.000000   -999.000000   -999.000000   -999.000000   -999.000000   -999.000000   -999.000000   -999.000000   -999.000000   -999.000000   -999.000000   -999.000000   -999.000000   -999.000000   -999.000000   -999.000000   -999.000000
   -999.000000   -999.000000   -999.000000   -999.000000      0.209670   -999.000000   -999.000000   -999.000000   -999.000000     -0.602768   -999.000000   -999.000000   -999.000000   -999.000000     -0.242680   -999.000000   -999.000000   -999.000000   -999.000000      0.569311   -999.000000   -999.000000   -999.000000   -999.000000      0.876882   -999.000000   -999.000000   -999.000000   -999.000000      1.142567   -999.000000   -999.000000   -999.000000   -999.000000     -0.063587   -999.000000
   -999.000000   -999.000000   -999.000000   -999.000000   -999.000000   -999.000000   -999.000000   -999.000000   -999.000000   -999.000000   -999.000000   -999.000000   -999.000000   -999.000000   -999.000000   -999.000000   -999.000000   -999.000000   -999.000000   -999.000000   -999.000000   -999.000000   -999.000000   -999.000000   -999.000000   -999.000000   -999.000000   -999.000000   -999.000000   -999.000000   -999.000000   -999.000000   -999.000000   -999.000000   -999.000000   -999.000000
   -999.000000   -999.000000   -999.000000   -999.000000   -999.000000   -999.000000   -999.000000   -999.000000   -999.000000   -999.000000   -999.000000   -999.000000   -999.000000   -999.000000   -999.000000   -999.000000   -999.000000   -999.000000   -999.000000   -999.000000   -999.000000   -999.000000   -999.000000   -999.000000   -999.000000   -999.000000   -999.000000   -999.000000   -999.000000   -999.000000   -999.000000   -999.000000   -999.000000   -999.000000   -999.000000   -999.000000
   -999.000000   -999.000000   -999.000000   -999.000000   -999.000000   -999.000000   -999.000000   -999.000000   -999.000000   -999.000000   -999.000000   -999.000000   -999.000000   -999.000000   -999.000000   -999.000000   -999.000000   -999.000000   -999.000000   -999.000000   -999.000000   -999.000000   -999.000000   -999.000000   -999.000000   -999.000000   -999.000000   -999.000000   -999.000000   -999.000000   -999.000000   -999.000000   -999.000000   -999.000000   -999.000000   -999.000000
   -999.000000   -999.000000   -999.000000   -999.000000     -0.149997   -999.000000   -999.000000   -999.000000   -999.000000      0.416132   -999.000000   -999.000000   -999.000000   -999.000000      0.958587   -999.000000   -999.000000   -999.000000   -999.000000      0.020340   -999.000000   -999.000000   -999.000000   -999.000000      0.581779   -999.000000   -999.000000   -999.000000   -999.000000     -1.216499   -999.000000   -999.000000   -999.000000   -999.000000     -0.834420   -999.000000
   -999.000000   -999.000000   -999.000000   -999.000000   -999.000000   -999.000000   -999.000000   -999.000000   -999.000000   -999.000000   -999.000000   -999.000000   -999.000000   -999.000000   -999.000000   -999.000000   -999.000000   -999.000000   -999.000000   -999.000000   -999.000000   -999.000000   -999.000000   -999.000000   -999.000000   -999.000000   -999.000000   -999.000000   -999.000000   -999.000000   -999.000000   -999.000000   -999.000000   -999.000000   -999.000000   -999.000000
   -999.000000   -999.000000   -999.000000   -999.000000   -999.000000   -999.000000   -999.000000   -999.000000   -999.000000   -999.000000   -999.000000   -999.000000   -999.000000   -999.000000   -999.000000   -999.000000   -999.000000   -999.000000   -999.000000   -999.000000   -999.000000   -999.000000   -999.000000   -999.000000   -999.000000   -999.000000   -999.000000   -999.000000   -999.000000   -999.000000   -999.000000   -999.000000   -999.000000   -999.000000   -999.000000   -999.000000
   -999.000000   -999.000000   -999.000000   -999.000000   -999.000000   -999.000000   -999.000000   -999.000000   -999.000000   -999.000000   -999.000000   -999.000000   -999.000000   -999.000000   -999.000000   -999.000000   -999.000000   -999.000000   -999.000000   -999.000000   -999.000000   -999.000000   -999.000000   -999.000000   -999.000000   -999.000000   -999.000000   -999.000000   -999.000000   -999.000000   -999.000000   -999.000000   -999.000000   -999.000000   -999.000000   -999.000000
   -999.000000   -999.000000   -999.000000   -999.000000      0.793465   -999.000000   -999.000000   -999.000000   -999.000000      1.427168   -999.000000   -999.000000   -999.000000   -999.000000      0.827186   -999.000000   -999.000000   -999.000000   -999.000000     -0.030592   -999.000000   -999.000000   -999.000000   -999.000000     -0.618624   -999.000000   -999.000000   -999.000000   -999.000000     -1.732114   -999.000000   -999.000000   -999.000000   -999.000000     -1.179986   -999.000000
   -999.000000   -999.000000   -999.000000   -999.000000   -999.000000   -999.000000   -999.000000   -999.000000   -999.000000   -999.000000   -999.000000   -999.000000   -999.000000   -999.000000   -999.000000   -999.000000   -999.000000   -999.000000   -999.000000   -999.000000   -999.000000   -999.000000   -999.000000   -999.000000   -999.000000   -999.000000   -999.000000   -999.000000   -999.000000   -999.000000   -999.000000   -999.000000   -999.000000   -999.000000   -999.000000   -999.000000
   -999.000000   -999.000000   -999.000000   -999.000000   -999.000000   -999.000000   -999.000000   -999.000000   -999.000000   -999.000000   -999.000000   -999.000000   -999.000000   -999.000000   -999.000000   -999.000000   -999.000000   -999.000000   -999.000000   -999.000000   -999.000000   -999.000000   -999.000000   -999.000000   -999.000000   -999.000000   -999.000000   -999.000000   -999.000000   -999.000000   -999.000000   -999.000000   -999.000000   -999.000000   -999.000000   -999.000000
