   -999.000000   -999.000000   -999.000000   -999.000000   -999.000000   -999.000000   -999.000000   -999.000000   -999.000000   -999.000000   -999.000000   -999.000000   -999.000000   -999.000000   -999.000000   -999.000000   -999.000000   -999.000000   -999.000000   -999.000000   -999.000000   -999.000000   -999.000000   -999.000000   -999.000000   -999.000000   -999.000000   -999.000000   -999.000000   -999.000000   -999.000000   -999.000000   -999.000000   -999.000000   -999.000000   -999.000000
   -999.000000   -999.000000   -999.000000   -999.000000   -999.000000   -999.000000   -999.000000   -999.000000   -999.000000   -999.000000   -999.000000   -999.000000   -999.000000   -999.000000   -999.000000   -999.000000   -999.000000   -999.000000   -999.000000   -999.000000   -999.000000   -999.000000   -999.000000   -999.000000   -999.000000   -999.000000   -999.000000   -999.000000   -999.000000   -999.000000   -999.000000   -999.000000   -999.000000   -999.000000   -999.000000   -999.000000
   -999.000000   -999.000000   -999.000000   -999.000000   -999.000000   -999.000000   -999.000000   -999.000000   -999.000000   -999.000000   -999.000000   -999.000000   -999.000000   -999.000000   -999.000000   -999.000000   -999.000000   -999.000000   -999.000000   -999.000000   -999.000000   -999.000000   -999.000000   -999.000000   -999.000000   -999.000000   -999.000000   -999.000000   -999.000000   -999.000000   -999.000000   -999.000000   -999.000000   -999.000000   -999.000000   -999.000000
   -999.000000   -999.000000   -999.000000   -999.000000     -1.174971   -999.000000   -999.000000   -999.000000   -999.000000     -0.598727   -999.000000   -999.000000   -999.000000   -999.000000     -0.021711   -999.000000   -999.000000   -999.000000   -999.000000      1.738278   -999.000000   -999.000000   -999.000000   -999.000000      0.589722   -999.000000   -999.000000   -999.000000   -999.000000     -0.012717   -999.000000   -999.000000   -999.000000   -999.000000     -1.233136   -999.000000
   -999.000000   -999.000000   -999.000000   -999.000000   -999.000000   -999.000000   -999.000000   -999.000000   -999.000000   -999.000000   -999.000000   -999.000000   -999.000000   -999.000000   -999.000000   -999.000000   -999.000000   -999.000000   -999.000000   -999.000000   -999.000000   -999.000000   -999.000000   -999.000000   -999.000000   -999.000000   -999.000000   -999.000000   -999.000000   -999.000000   -999.000000   -999.000000   -999.000000   -999.000000   -999.000000   -999.000000
   -999.000000   -999.000000   -999.000000   -999.000000   -999.000000   -999.000000   -999.000000   -999.000000   -999.000000   -999.000000   -999.000000   -999.000000   -999.000000   -999.000000   -999.000000   -999.000000   -999.000000   -999.000000   -999.000000   -999.000000   -999.000000   -999.000000   -999.000000   -999.000000   -999.000000   -999.000000   -999.000000   -999.000000   -999.000000   -999.000000   -999.000000   -999.000000   -999.000000   -999.000000   -999.000000   -999.000000
   -999.000000   -999.000000   -999.000000   -999.000000   -999.000000   -999.000000   -999.000000   -999.000000   -999.000000   -999.000000   -999.000000   -999.000000   -999.000000   -999.000000   -999.000000   -999.000000   -999.000000   -999.000000   -999.000000   -999.000000   -999.000000   -999.000000   -999.000000   -999.000000   -999.000000   -999.000000   -999.000000   -999.000000   -999.000000   -999.000000   -999.000000   -999.000000   -999.000000   -999.000000   -999.000000   -999.000000
   -999.000000   -999.000000   -999.000000   -999.000000      0.840437   -999.000000   -999.000000   -999.000000   -999.000000      1.298923   -999.000000   -999.000000   -999.000000   -999.000000      1.349554   -999.000000   -999.000000   -999.000000   -999.000000     -0.645900   -999.000000   -999.000000   -999.000000   -999.000000     -0.106283   -999.000000   -999.000000   -999.000000   -999.000000     -1.321401   -999.000000   -999.000000   -999.000000   -999.000000     -0.273312   -999.000000
   -999.000000   -999.000000   -999.000000   -999.000000   -999.000000   -999.000000   -999.000000   -999.000000   -999.000000   -999.000000   -999.000000   -999.000000   -999.000000   -999.000000   -999.000000   -999.000000   -999.000000   -999.000000   -999.000000   -999.000000   -999.000000   -999.000000   -999.000000   -999.000000   -999.000000   -999.000000   -999.000000   -999.000000   -999.000000   -999.000000   -999.000000   -999.000000   -999.000000   -999.000000   -999.000000   -999.000000
   -999.000000   -999.000000   -999.000000   -999.000000   -999.000000   -999.000000   -999.000000   -999.000000   -999.000000   -999.000000   -999.000000   -999.000000   -999.000000   -999.000000   -999.000000   -999.000000   -999.000000   -999.000000   -999.000000   -999.000000   -999.000000   -999.000000   -999.000000   -999.000000   -999.000000   -999.000000   -999.000000   -999.000000   -999.000000   -999.000000   -999.000000   -999.000000   -999.000000   -999.000000   -999.000000   -999.000000
   -999.000000   -999.000000   -999.000000   -999.000000   -999.000000   -999.000000   -999.000000   -999.000000   -999.000000   -999.000000   -999.000000   -999.000000   -999.000000   -999.000000   -999.000000   -999.000000   -999.000000   -999.000000   -999.000000   -999.000000   -999.000000   -999.000000   -999.000000   -999.000000   -999.000000   -999.000000   -999.000000   -999.000000   -999.000000   -999.000000   -999.000000   -999.000000   -999.000000   -999.000000   -999.000000   -999.000000
   -999.000000   -999.000000   -999.000000   -999.000000      1.032101   -999.000000   -999.000000   -999.000000   -999.000000      0.163842   -999.000000   -999.000000   -999.000000   -999.000000     -0.615384   -999.000000   -999.000000   -999.000000   -999.000000     -0.824148   -999.000000   -999.000000   -999.000000   -999.000000     -1.006346   -999.000000   -999.000000   -999.000000   -999.000000     -0.216817   -999.000000   -999.000000   -999.000000   -999.000000      0.699638   -999.000000
   -999.000000   -999.000000   -999.000000   -999.000000   -999.000000   -999.000000   -999.000000   -999.000000   -999.000000   -999.000000   -999.000000   -999.000000   -999.000000   -999.000000   -999.000000   -999.000000   -999.000000   -999.000000   -999.000000   -999.000000   -999.000000   -999.000000   -999.000000   -999.000000   -999.000000   -999.000000   -999.000000   -999.000000   -999.000000   -999.000000   -999.000000   -999.000000   -999.000000   -999.000000   -999.000000   -999.000000
   -999.000000   -999.000000   -999.000000   -999.000000   -999.000000   -999.000000   -999.000000   -999.000000   -999.000000   -999.000000   -999.000000   -999.000000   -999.000000   -999.000000   -999.000000   -999.000000   -999.000000   -999.000000   -999.000000   -999.000000   -999.000000   -999.000000   -999.000000   -999.000000   -999.000000   -999.000000   -999.000000   -999.000000   -999.000000   -999.000000   -999.000000   -999.000000   -999.000000   -999.000000   -999.000000   -999.000000
   -999.000000   -999.000000   -999.000000   -999.000000   -999.000000   -999.000000   -999.000000   -999.000000   -999.000000   -999.000000   -999.000000   -999.000000   -999.000000   -999.000000   -999.000000   -999.000000   -999.000000   -999.000000   -999.000000   -999.000000   -999.000000   -999.000000   -999.000000   -999.000000   -999.000000   -999.000000   -999.000000   -999.000000   -999.000000   -999.000000   -999.000000   -999.000000   -999.000000   -999.000000   -999.000000   -999.000000
   -999.000000   -999.000000   -999.000000   -999.000000     -0.615106   -999.000000   -999.000000   -999.000000   -999.000000     -0.889704   -999.000000   -999.000000   -999.000000   -999.000000     -0.990587   -999.000000   -999.000000   -999.000000   -999.000000     -1.234889   -999.000000   -999.000000   -999.000000   -999.000000      0.580448   -999.000000   -999.000000   -999.000000   -999.000000      0.681770   -999.000000   -999.000000   -999.000000   -999.000000      0.779738   -999.000000
   -999.000000   -999.000000   -999.000000   -999.000000   -999.000000   -999.000000   -999.000000   -999.000000   -999.000000   -999.000000   -999.000000   -999.000000   -999.000000   -999.000000   -999.000000   -999.000000   -999.000000   -999.000000   -999.000000   -999.000000   -999.000000   -999.000000   -999.000000   -999.000000   -999.000000   -999.000000   -999.000000   -999.000000   -999.000000   -999.000000   -999.000000   -999.000000   -999.000000   -999.000000   -999.000000   -999.000000
   -999.000000   -999.000000   -999.000000   -999.000000   -999.000000   -999.000000   -999.000000   -999.000000   -999.000000   -999.000000   -999.000000   -999.000000   -999.000000   -999.000000   -999.000000   -999.000000   -999.000000   -999.000000   -999.000000   -999.000000   -999.000000   -999.000000   -999.000000   -999.000000   -999.000000   -999.000000   -999.000000   -999.000000   -999.000000   -999.000000   -999.000000   -999.000000   -999.000000   -999.000000   -999.000000   -999.000000
