   -999.000000   -999.000000   -999.000000   -999.000000   -999.000000   -999.000000   -999.000000   -999.000000   -999.000000   -999.000000   -999.000000   -999.000000   -999.000000   -999.000000   -999.000000   -999.000000   -999.000000   -999.000000   -999.000000   -999.000000   -999.000000   -999.000000   -999.000000   -999.000000   -999.000000   -999.000000   -999.000000   -999.000000   -999.000000   -999.000000   -999.000000   -999.000000   -999.000000   -999.000000   -999.000000   -999.000000
   -999.000000   -999.000000   -999.000000   -999.000000   -999.000000   -999.000000   -999.000000   -999.000000   -999.000000   -999.000000   -999.000000   -999.000000   -999.000000   -999.000000   -999.000000   -999.000000   -999.000000   -999.000000   -999.000000   -999.000000   -999.000000   -999.000000   -999.000000   -999.000000   -999.000000   -999.000000   -999.000000   -999.000000   -999.000000   -999.000000   -999.000000   -999.000000   -999.000000   -999.000000   -999.000000   -999.000000
   -999.000000   -999.000000   -999.000000   -999.000000   -999.000000   -999.000000   -999.000000   -999.000000   -999.000000   -999.000000   -999.000000   -999.000000   -999.000000   -999.000000   -999.000000   -999.000000   -999.000000   -999.000000   -999.000000   -999.000000   -999.000000   -999.000000   -999.000000   -999.000000   -999.000000   -999.000000   -999.000000   -999.000000   -999.000000   -999.000000   -999.000000   -999.000000   -999.000000   -999.000000   -999.000000   -999.000000
   -999.000000   -999.000000   -999.000000     -0.539703   -999.000000   -999.000000   -999.000000   -999.000000   -999.000000      0.044253   -999.000000   -999.000000   -999.000000   -999.000000   -999.000000      0.951420   -999.000000   -999.000000   -999.000000   -999.000000   -999.000000     -0.270842   -999.000000   -999.000000   -999.000000   -999.000000   -999.000000     -0.505914   -999.000000   -999.000000   -999.000000   -999.000000   -999.000000      0.238807   -999.000000   -999.000000
   -999.000000   -999.000000   -999.000000   -999.000000   -999.000000   -999.000000   -999.000000   -999.000000   -999.000000   -999.000000   -999.000000   -999.000000   -999.000000   -999.000000   -999.000000   -999.000000   -999.000000   -999.000000   -999.000000   -999.000000   -999.000000   -999.000000   -999.000000   -999.000000   -999.000000   -999.000000   -999.000000   -999.000000   -999.000000   -999.000000   -999.000000   -999.000000   -999.000000   -999.000000   -999.000000   -999.000000
   -999.000000   -999.000000   -999.000000   -999.000000   -999.000000   -999.000000   -999.000000   -999.000000   -999.000000   -999.000000   -999.000000   -999.000000   -999.000000   -999.000000   -999.000000   -999.000000   -999.000000   -999.000000   -999.000000   -999.000000   -999.000000   -999.000000   -999.000000   -999.000000   -999.000000   -999.000000   -999.000000   -999.000000   -999.000000   -999.000000   -999.000000   -999.000000   -999.000000   -999.000000   -999.000000   -999.000000
   -999.000000   -999.000000   -999.000000   -999.000000   -999.000000   -999.000000   -999.000000   -999.000000   -999.000000   -999.000000   -999.000000   -999.000000   -999.000000   -999.000000   -999.000000   -999.000000   -999.000000   -999.000000   -999.000000   -999.000000   -999.000000   -999.000000   -999.000000   -999.000000   -999.000000   -999.000000   -999.000000   -999.000000   -999.000000   -999.000000   -999.000000   -999.000000   -999.000000   -999.000000   -999.000000   -999.000000
   -999.000000   -999.000000   -999.000000   -999.000000   -999.000000   -999.000000   -999.000000   -999.000000   -999.000000   -999.000000   -999.000000   -999.000000   -999.000000   -999.000000   -999.000000   -999.000000   -999.000000   -999.000000   -999.000000   -999.000000   -999.000000   -999.000000   -999.000000   -999.000000   -999.000000   -999.000000   -999.000000   -999.000000   -999.000000   -999.000000   -999.000000   -999.000000   -999.000000   -999.000000   -999.000000   -999.000000
   -999.000000   -999.000000   -999.000000      0.714220   -999.000000   -999.000000   -999.000000   -999.000000   -999.000000      0.147780   -999.000000   -999.000000   -999.000000   -999.000000   -999.000000     -1.191006   -999.000000   -999.000000   -999.000000   -999.000000   -999.000000      0.925426   -999.000000   -999.000000   -999.000000   -999.000000   -999.000000      1.059579   -999.000000   -999.000000   -999.000000   -999.000000   -999.000000     -1.715977   -999.000000   -999.000000
   -999.000000   -999.000000   -999.000000   -999.000000   -999.000000   -999.000000   -999.000000   -999.000000   -999.000000   -999.000000   -999.000000   -999.000000   -999.000000   -999.000000   -999.000000   -999.000000   -999.000000   -999.000000   -999.000000   -999.000000   -999.000000   -999.000000   -999.000000   -999.000000   -999.000000   -999.000000   -999.000000   -999.000000   -999.000000   -999.000000   -999.000000   -999.000000   -999.000000   -999.000000   -999.000000   -999.000000
   -999.000000   -999.000000   -999.000000   -999.000000   -999.000000   -999.000000   -999.000000   -999.000000   -999.000000   -999.000000   -999.000000   -999.000000   -999.000000   -999.000000   -999.000000   -999.000000   -999.000000   -999.000000   -999.000000   -999.000000   -999.000000   -999.000000   -999.000000   -999.000000   -999.000000   -999.000000   -999.000000   -999.000000   -999.000000   -999.000000   -999.000000   -999.000000   -999.000000   -999.000000   -999.000000   -999.000000
   -999.000000   -999.000000   -999.000000   -999.000000   -999.000000   -999.000000   -999.000000   -999.000000   -999.000000   -999.000000   -999.000000   -999.000000   -999.000000   -999.000000   -999.000000   -999.000000   -999.000000   -999.000000   -999.000000   -999.000000   -999.000000   -999.000000   -999.000000   -999.000000   -999.000000   -999.000000   -999.000000   -999.000000   -999.000000   -999.000000   -999.000000   -999.000000   -999.000000   -999.000000   -999.000000   -999.000000
   -999.000000   -999.000000   -999.000000   -999.000000   -999.000000   -999.000000   -999.000000   -999.000000   -999.000000   -999.000000   -999.000000   -999.000000   -999.000000   -999.000000   -999.000000   -999.000000   -999.000000   -999.000000   -999.000000   -999.000000   -999.000000   -999.000000   -999.000000   -999.000000   -999.000000   -999.000000   -999.000000   -999.000000   -999.000000   -999.000000   -999.000000   -999.000000   -999.000000   -999.000000   -999.000000   -999.000000
   -999.000000   -999.000000   -999.000000      0.031313   -999.000000   -999.000000   -999.000000   -999.000000   -999.000000     -0.946760   -999.000000   -999.000000   -999.000000   -999.000000   -999.000000      1.040196   -999.000000   -999.000000   -999.000000   -999.000000   -999.000000      0.433389   -999.000000   -999.000000   -999.000000   -999.000000   -999.000000     -0.036485   -999.000000   -999.000000   -999.000000   -999.000000   -999.000000      0.387606   -999.000000   -999.000000
   -999.000000   -999.000000   -999.000000   -999.000000   -999.000000   -999.000000   -999.000000   -999.000000   -999.000000   -999.000000   -999.000000   -999.000000   -999.000000   -999.000000   -999.000000   -999.000000   -999.000000   -999.000000   -999.000000   -999.000000   -999.000000   -999.000000   -999.000000   -999.000000   -999.000000   -999.000000   -999.000000   -999.000000   -999.000000   -999.000000   -999.000000   -999.000000   -999.000000   -999.000000   -999.000000   -999.000000
   -999.000000   -999.000000   -999.000000   -999.000000   -999.000000   -999.000000   -999.000000   -999.000000   -999.000000   -999.000000   -999.000000   -999.000000   -999.000000   -999.000000   -999.000000   -999.000000   -999.000000   -999.000000   -999.000000   -999.000000   -999.000000   -999.000000   -999.000000   -999.000000   -999.000000   -999.000000   -999.000000   -999.000000   -999.000000   -999.000000   -999.000000   -999.000000   -999.000000   -999.000000   -999.000000   -999.000000
   -999.000000   -999.000000   -999.000000   -999.000000   -999.000000   -999.000000   -999.000000   -999.000000   -999.000000   -999.000000   -999.000000   -999.000000   -999.000000   -999.000000   -999.000000   -999.000000   -999.000000   -999.000000   -999.000000   -999.000000   -999.000000   -999.000000   -999.000000   -999.000000   -999.000000   -999.000000   -999.000000   -999.000000   -999.000000   -999.000000   -999.000000   -999.000000   -999.000000   -999.000000   -999.000000   -999.000000
   -999.000000   -999.000000   -999.000000   -999.000000   -999.000000   -999.000000   -999.000000   -999.000000   -999.000000   -999.000000   -999.000000   -999.000000   -999.000000   -999.000000   -999.000000   -999.000000   -999.000000   -999.000000   -999.000000   -999.000000   -999.000000   -999.000000   -999.000000   -999.000000   -999.000000   -999.000000   -999.000000   -999.000000   -999.000000   -999.000000   -999.000000   -999.000000   -999.000000   -999.000000   -999.000000   -999.000000
