   -0.86602540   -0.98480775   -0.98480775   -0.86602540   -0.64278761   -0.34202014    0.00000000    0.34202014    0.64278761    0.86602540    0.98480775    0.98480775    0.86602540    0.64278761    0.34202014   -0.00000000   -0.34202014   -0.64278761   -0.86602540   -0.98480775   -0.98480775   -0.86602540   -0.64278761   -0.34202014    0.00000000    0.34202014    0.64278761    0.86602540    0.98480775    0.98480775    0.86602540    0.64278761    0.34202014    0.00000000   -0.34202014   -0.64278761
   -0.34202014   -0.64278761   -0.86602540   -0.98480775   -0.98480775   -0.86602540   -0.64278761   -0.34202014    0.00000000    0.34202014    0.64278761    0.86602540    0.98480775    0.98480775    0.86602540    0.64278761    0.34202014   -0.00000000   -0.34202014   -0.64278761   -0.86602540   -0.98480775   -0.98480775   -0.86602540   -0.64278761   -0.34202014    0.00000000    0.34202014    0.64278761    0.86602540    0.98480775    0.98480775    0.86602540    0.64278761    0.34202014    0.00000000
    0.34202014    0.00000000   -0.34202014   -0.64278761   -0.86602540   -0.98480775   -0.98480775   -0.86602540   -0.64278761   -0.34202014   -0.00000000    0.34202014    0.64278761    0.86602540    0.98480775    0.98480775    0.86602540    0.64278761    0.34202014    0.00000000   -0.34202014   -0.64278761   -0.86602540   -0.98480775   -0.98480775   -0.86602540   -0.64278761   -0.34202014   -0.00000000    0.34202014    0.64278761    0.86602540    0.98480775    0.98480775    0.86602540    0.64278761
    0.86602540    0.64278761    0.34202014    0.00000000   -0.34202014   -0.64278761   -0.86602540   -0.98480775   -0.98480775   -0.86602540   -0.64278761   -0.34202014   -0.00000000    0.34202014    0.64278761    0.86602540    0.98480775    0.98480775    0.86602540    0.64278761    0.34202014    0.00000000   -0.34202014   -0.64278761   -0.86602540   -0.98480775   -0.98480775   -0.86602540   -0.64278761   -0.34202014   -0.00000000    0.34202014    0.64278761    0.86602540    0.98480775    0.98480775
    0.98480775    0.98480775    0.86602540    0.64278761    0.34202014    0.00000000   -0.34202014   -0.64278761   -0.86602540   -0.98480775   -0.98480775   -0.86602540   -0.64278761   -0.34202014   -0.00000000    0.34202014    0.64278761    0.86602540    0.98480775    0.98480775    0.86602540    0.64278761    0.34202014    0.00000000   -0.34202014   -0.64278761   -0.86602540   -0.98480775   -0.98480775   -0.86602540   -0.64278761   -0.34202014   -0.00000000    0.34202014    0.64278761    0.86602540
    0.64278761    0.86602540    0.98480775    0.98480775    0.86602540    0.64278761    0.34202014    0.00000000   -0.34202014   -0.64278761   -0.86602540   -0.98480775   -0.98480775   -0.86602540   -0.64278761   -0.34202014   -0.00000000    0.34202014    0.64278761    0.86602540    0.98480775    0.98480775    0.86602540    0.64278761    0.34202014    0.00000000   -0.34202014   -0.64278761   -0.86602540   -0.98480775   -0.98480775   -0.86602540   -0.64278761   -0.34202014   -0.00000000    0.34202014
    0.00000000    0.34202014    0.64278761    0.86602540    0.98480775    0.98480775    0.86602540    0.64278761    0.34202014    0.00000000   -0.34202014   -0.64278761   -0.86602540   -0.98480775   -0.98480775   -0.86602540   -0.64278761   -0.34202014   -0.00000000    0.34202014    0.64278761    0.86602540    0.98480775    0.98480775    0.86602540    0.64278761    0.34202014    0.00000000   -0.34202014   -0.64278761   -0.86602540   -0.98480775   -0.98480775   -0.86602540   -0.64278761   -0.34202014
   -0.64278761   -0.34202014    0.00000000    0.34202014    0.64278761    0.86602540    0.98480775    0.98480775    0.86602540    0.64278761    0.34202014    0.00000000   -0.34202014   -0.64278761   -0.86602540   -0.98480775   -0.98480775   -0.86602540   -0.64278761   -0.34202014    0.00000000    0.34202014    0.64278761    0.86602540    0.98480775    0.98480775    0.86602540    0.64278761    0.34202014    0.00000000   -0.34202014   -0.64278761   -0.86602540   -0.98480775   -0.98480775   -0.86602540
   -0.98480775   -0.86602540   -0.64278761   -0.34202014    0.00000000    0.34202014    0.64278761    0.86602540    0.98480775    0.98480775    0.86602540    0.64278761    0.34202014    0.00000000   -0.34202014   -0.64278761   -0.86602540   -0.98480775   -0.98480775   -0.86602540   -0.64278761   -0.34202014   -0.00000000    0.34202014    0.64278761    0.86602540    0.98480775    0.98480775    0.86602540    0.64278761    0.34202014    0.00000000   -0.34202014   -0.64278761   -0.86602540   -0.98480775
   -0.86602540   -0.98480775   -0.98480775   -0.86602540   -0.64278761   -0.34202014    0.00000000    0.34202014    0.64278761    0.86602540    0.98480775    0.98480775    0.86602540    0.64278761    0.34202014    0.00000000   -0.34202014   -0.64278761   -0.86602540   -0.98480775   -0.98480775   -0.86602540   -0.64278761   -0.34202014   -0.00000000    0.34202014    0.64278761    0.86602540    0.98480775    0.98480775    0.86602540    0.64278761    0.34202014    0.00000000   -0.34202014   -0.64278761
   -0.34202014   -0.64278761   -0.86602540   -0.98480775   -0.98480775   -0.86602540   -0.64278761   -0.34202014    0.00000000    0.34202014    0.64278761    0.86602540    0.98480775    0.98480775    0.86602540    0.64278761    0.34202014    0.00000000   -0.34202014   -0.64278761   -0.86602540   -0.98480775   -0.98480775   -0.86602540   -0.64278761   -0.34202014   -0.00000000    0.34202014    0.64278761    0.86602540    0.98480775    0.98480775    0.86602540    0.64278761    0.34202014    0.00000000
    0.34202014   -0.00000000   -0.34202014   -0.64278761   -0.86602540   -0.98480775   -0.98480775   -0.86602540   -0.64278761   -0.34202014    0.00000000    0.34202014    0.64278761    0.86602540    0.98480775    0.98480775    0.86602540    0.64278761    0.34202014    0.00000000   -0.34202014   -0.64278761   -0.86602540   -0.98480775   -0.98480775   -0.86602540   -0.64278761   -0.34202014   -0.00000000    0.34202014    0.64278761    0.86602540    0.98480775    0.98480775    0.86602540    0.64278761
    0.86602540    0.64278761    0.34202014   -0.00000000   -0.34202014   -0.64278761   -0.86602540   -0.98480775   -0.98480775   -0.86602540   -0.64278761   -0.34202014   -0.00000000    0.34202014    0.64278761    0.86602540    0.98480775    0.98480775    0.86602540    0.64278761    0.34202014    0.00000000   -0.34202014   -0.64278761   -0.86602540   -0.98480775   -0.98480775   -0.86602540   -0.64278761   -0.34202014   -0.00000000    0.34202014    0.64278761    0.86602540    0.98480775    0.98480775
    0.98480775    0.98480775    0.86602540    0.64278761    0.34202014   -0.00000000   -0.34202014   -0.64278761   -0.86602540   -0.98480775   -0.98480775   -0.86602540   -0.64278761   -0.34202014    0.00000000    0.34202014    0.64278761    0.86602540    0.98480775    0.98480775    0.86602540    0.64278761    0.34202014    0.00000000   -0.34202014   -0.64278761   -0.86602540   -0.98480775   -0.98480775   -0.86602540   -0.64278761   -0.34202014   -0.00000000    0.34202014    0.64278761    0.86602540
    0.64278761    0.86602540    0.98480775    0.98480775    0.86602540    0.64278761    0.34202014   -0.00000000   -0.34202014   -0.64278761   -0.86602540   -0.98480775   -0.98480775   -0.86602540   -0.64278761   -0.34202014    0.00000000    0.34202014    0.64278761    0.86602540    0.98480775    0.98480775    0.86602540    0.64278761    0.34202014    0.00000000   -0.34202014   -0.64278761   -0.86602540   -0.98480775   -0.98480775   -0.86602540   -0.64278761   -0.34202014   -0.00000000    0.34202014
    0.00000000    0.34202014    0.64278761    0.86602540    0.98480775    0.98480775    0.86602540    0.64278761    0.34202014   -0.00000000   -0.34202014   -0.64278761   -0.86602540   -0.98480775   -0.98480775   -0.86602540   -0.64278761   -0.34202014    0.00000000    0.34202014    0.64278761    0.86602540    0.98480775    0.98480775    0.86602540    0.64278761    0.34202014    0.00000000   -0.34202014   -0.64278761   -0.86602540   -0.98480775   -0.98480775   -0.86602540   -0.64278761   -0.34202014
   -0.64278761   -0.34202014    0.00000000    0.34202014    0.64278761    0.86602540    0.98480775    0.98480775    0.86602540    0.64278761    0.34202014   -0.00000000   -0.34202014   -0.64278761   -0.86602540   -0.98480775   -0.98480775   -0.86602540   -0.64278761   -0.34202014    0.00000000    0.34202014    0.64278761    0.86602540    0.98480775    0.98480775    0.86602540    0.64278761    0.34202014    0.00000000   -0.34202014   -0.64278761   -0.86602540   -0.98480775   -0.98480775   -0.86602540
   -0.98480775   -0.86602540   -0.64278761   -0.34202014    0.00000000    0.34202014    0.64278761    0.86602540    0.98480775    0.98480775    0.86602540    0.64278761    0.34202014   -0.00000000   -0.34202014   -0.64278761   -0.86602540   -0.98480775   -0.98480775   -0.86602540   -0.64278761   -0.34202014    0.00000000    0.34202014    0.64278761    0.86602540    0.98480775    0.98480775    0.86602540    0.64278761    0.34202014    0.00000000   -0.34202014   -0.64278761   -0.86602540   -0.98480775
