      0.817000      0.780687      0.738433      0.690558      0.637429      0.579447      0.517056      0.450730      0.380973      0.308317      0.233315      0.156537      0.078567      0.000000     -0.078567     -0.156537     -0.233315     -0.308317     -0.380973     -0.450730     -0.517056     -0.579447     -0.637429     -0.690558     -0.738433     -0.780687     -0.817000     -0.847095     -0.870744     -0.887765     -0.898030     -0.901460     -0.898030     -0.887765     -0.870744     -0.847095
      0.738433      0.690558      0.637429      0.579447      0.517056      0.450730      0.380973      0.308317      0.233315      0.156537      0.078567      0.000000     -0.078567     -0.156537     -0.233315     -0.308317     -0.380973     -0.450730     -0.517056     -0.579447     -0.637429     -0.690558     -0.738433     -0.780687     -0.817000     -0.847095     -0.870744     -0.887765     -0.898030     -0.901460     -0.898030     -0.887765     -0.870744     -0.847095     -0.817000     -0.780687
      0.637429      0.579447      0.517056      0.450730      0.380973      0.308317      0.233315      0.156537      0.078567      0.000000     -0.078567     -0.156537     -0.233315     -0.308317     -0.380973     -0.450730     -0.517056     -0.579447     -0.637429     -0.690558     -0.738433     -0.780687     -0.817000     -0.847095     -0.870744     -0.887765     -0.898030     -0.901460     -0.898030     -0.887765     -0.870744     -0.847095     -0.817000     -0.780687     -0.738433     -0.690558
      0.517056      0.450730      0.380973      0.308317      0.233315      0.156537      0.078567      0.000000     -0.078567     -0.156537     -0.233315     -0.308317     -0.380973     -0.450730     -0.517056     -0.579447     -0.637429     -0.690558     -0.738433     -0.780687     -0.817000     -0.847095     -0.870744     -0.887765     -0.898030     -0.901460     -0.898030     -0.887765     -0.870744     -0.847095     -0.817000     -0.780687     -0.738433     -0.690558     -0.637429     -0.579447
      0.380973      0.308317      0.233315      0.156537      0.078567      0.000000     -0.078567     -0.156537     -0.233315     -0.308317     -0.380973     -0.450730     -0.517056     -0.579447     -0.637429     -0.690558     -0.738433     -0.780687     -0.817000     -0.847095     -0.870744     -0.887765     -0.898030     -0.901460     -0.898030     -0.887765     -0.870744     -0.847095     -0.817000     -0.780687     -0.738433     -0.690558     -0.637429     -0.579447     -0.517056     -0.450730
      0.233315      0.156537      0.078567      0.000000     -0.078567     -0.156537     -0.233315     -0.308317     -0.380973     -0.450730     -0.517056     -0.579447     -0.637429     -0.690558     -0.738433     -0.780687     -0.817000     -0.847095     -0.870744     -0.887765     -0.898030     -0.901460     -0.898030     -0.887765     -0.870744     -0.847095     -0.817000     -0.780687     -0.738433     -0.690558     -0.637429     -0.579447     -0.517056     -0.450730     -0.380973     -0.308317
      0.078567      0.000000     -0.078567     -0.156537     -0.233315     -0.308317     -0.380973     -0.450730     -0.517056     -0.579447     -0.637429     -0.690558     -0.738433     -0.780687     -0.817000     -0.847095     -0.870744     -0.887765     -0.898030     -0.901460     -0.898030     -0.887765     -0.870744     -0.847095     -0.817000     -0.780687     -0.738433     -0.690558     -0.637429     -0.579447     -0.517056     -0.450730     -0.380973     -0.308317     -0.233315     -0.156537
     -0.078567     -0.156537     -0.233315     -0.308317     -0.380973     -0.450730     -0.517056     -0.579447     -0.637429     -0.690558     -0.738433     -0.780687     -0.817000     -0.847095     -0.870744     -0.887765     -0.898030     -0.901460     -0.898030     -0.887765     -0.870744     -0.847095     -0.817000     -0.780687     -0.738433     -0.690558     -0.637429     -0.579447     -0.517056     -0.450730     -0.380973     -0.308317     -0.233315     -0.156537     -0.078567     -0.000000
     -0.233315     -0.308317     -0.380973     -0.450730     -0.517056     -0.579447     -0.637429     -0.690558     -0.738433     -0.780687     -0.817000     -0.847095     -0.870744     -0.887765     -0.898030     -0.901460     -0.898030     -0.887765     -0.870744     -0.847095     -0.817000     -0.780687     -0.738433     -0.690558     -0.637429     -0.579447     -0.517056     -0.450730     -0.380973     -0.308317     -0.233315     -0.156537     -0.078567     -0.000000      0.078567      0.156537
     -0.380973     -0.450730     -0.517056     -0.579447     -0.637429     -0.690558     -0.738433     -0.780687     -0.817000     -0.847095     -0.870744     -0.887765     -0.898030     -0.901460     -0.898030     -0.887765     -0.870744     -0.847095     -0.817000     -0.780687     -0.738433     -0.690558     -0.637429     -0.579447     -0.517056     -0.450730     -0.380973     -0.308317     -0.233315     -0.156537     -0.078567     -0.000000      0.078567      0.156537      0.233315      0.308317
     -0.517056     -0.579447     -0.637429     -0.690558     -0.738433     -0.780687     -0.817000     -0.847095     -0.870744     -0.887765     -0.898030     -0.901460     -0.898030     -0.887765     -0.870744     -0.847095     -0.817000     -0.780687     -0.738433     -0.690558     -0.637429     -0.579447     -0.517056     -0.450730     -0.380973     -0.308317     -0.233315     -0.156537     -0.078567     -0.000000      0.078567      0.156537      0.233315      0.308317      0.380973      0.450730
     -0.637429     -0.690558     -0.738433     -0.780687     -0.817000     -0.847095     -0.870744     -0.887765     -0.898030     -0.901460     -0.898030     -0.887765     -0.870744     -0.847095     -0.817000     -0.780687     -0.738433     -0.690558     -0.637429     -0.579447     -0.517056     -0.450730     -0.380973     -0.308317     -0.233315     -0.156537     -0.078567     -0.000000      0.078567      0.156537      0.233315      0.308317      0.380973      0.450730      0.517056      0.579447
     -0.738433     -0.780687     -0.817000     -0.847095     -0.870744     -0.887765     -0.898030     -0.901460     -0.898030     -0.887765     -0.870744     -0.847095     -0.817000     -0.780687     -0.738433     -0.690558     -0.637429     -0.579447     -0.517056     -0.450730     -0.380973     -0.308317     -0.233315     -0.156537     -0.078567     -0.000000      0.078567      0.156537      0.233315      0.308317      0.380973      0.450730      0.517056      0.579447      0.637429      0.690558
     -0.817000     -0.847095     -0.870744     -0.887765     -0.898030     -0.901460     -0.898030     -0.887765     -0.870744     -0.847095     -0.817000     -0.780687     -0.738433     -0.690558     -0.637429     -0.579447     -0.517056     -0.450730     -0.380973     -0.308317     -0.233315     -0.156537     -0.078567     -0.000000      0.078567      0.156537      0.233315      0.308317      0.380973      0.450730      0.517056      0.579447      0.637429      0.690558      0.738433      0.780687
     -0.870744     -0.887765     -0.898030     -0.901460     -0.898030     -0.887765     -0.870744     -0.847095     -0.817000     -0.780687     -0.738433     -0.690558     -0.637429     -0.579447     -0.517056     -0.450730     -0.380973     -0.308317     -0.233315     -0.156537     -0.078567     -0.000000      0.078567      0.156537      0.233315      0.308317      0.380973      0.450730      0.517056      0.579447      0.637429      0.690558      0.738433      0.780687      0.817000      0.847095
     -0.898030     -0.901460     -0.898030     -0.887765     -0.870744     -0.847095     -0.817000     -0.780687     -0.738433     -0.690558     -0.637429     -0.579447     -0.517056     -0.450730     -0.380973     -0.308317     -0.233315     -0.156537     -0.078567     -0.000000      0.078567      0.156537      0.233315      0.308317      0.380973      0.450730      0.517056      0.579447      0.637429      0.690558      0.738433      0.780687      0.817000      0.847095      0.870744      0.887765
     -0.898030     -0.887765     -0.870744     -0.847095     -0.817000     -0.780687     -0.738433     -0.690558     -0.637429     -0.579447     -0.517056     -0.450730     -0.380973     -0.308317     -0.233315     -0.156537     -0.078567     -0.000000      0.078567      0.156537      0.233315      0.308317      0.380973      0.450730      0.517056      0.579447      0.637429      0.690558      0.738433      0.780687      0.817000      0.847095      0.870744      0.887765      0.898030      0.901460
     -0.870744     -0.847095     -0.817000     -0.780687     -0.738433     -0.690558     -0.637429     -0.579447     -0.517056     -0.450730     -0.380973     -0.308317     -0.233315     -0.156537     -0.078567     -0.000000      0.078567      0.156537      0.233315      0.308317      0.380973      0.450730      0.517056      0.579447      0.637429      0.690558      0.738433      0.780687      0.817000      0.847095      0.870744      0.887765      0.898030      0.901460      0.898030      0.887765
